lambda, num_val, badg, badc, ADMMtime, tb2time, funcnumber, exact
0.05623413251903491, 16, 9, 0.010802469135802469, 25.426768698999922, 0.5487538559998484, 1737, 0
0.06493816315762115, 16, 9, 0.010802469135802469, 32.04617908800003, 0.4629206819998899, 1705, 0
0.0749894209332456, 32, 20, 0.013888888888888888, 34.07490461799989, 0.9314455190003628, 1660, 0
0.0777365030238776, 32, 20, 0.013888888888888888, 34.37070301300014, 0.8516842630008341, 1651, 0
0.08058421877614821, 32, 20, 0.013888888888888888, 36.82770367299986, 0.9060449060002611, 1646, 0
0.08353625469578266, 32, 20, 0.013888888888888888, 37.57051719600008, 0.886670957998831, 1638, 0
0.08659643233600657, 16, 9, 0.010802469135802469, 39.50734835900005, 0.46137624499976937, 1636, 0
0.08659643233600658, 32, 20, 0.01427469135802469, 37.86808373200006, 0.8633149150007284, 1636, 0
0.08976871324473147, 32, 20, 0.01427469135802469, 41.84066833099996, 0.8601400280001599, 1624, 0
0.09305720409296996, 32, 21, 0.013888888888888888, 41.81942220199994, 1.0180480809990513, 1618, 0
0.09646616199111999, 32, 21, 0.01427469135802469, 40.72860152099997, 1.0475420379998468, 1602, 0
0.1, 8, 4, 0.010802469135802469, 41.590917079, 0.22016390299999244, 1595, 0
0.10000000000000005, 16, 9, 0.011574074074074073, 45.076932420999924, 0.4486989380003479, 1595, 0
0.10000000000000007, 32, 21, 0.01427469135802469, 42.18488059599986, 0.9507505379990562, 1595, 0
0.11547819846894589, 16, 10, 0.013117283950617283, 50.256369802999984, 0.47652451800013296, 1545, 0
0.13335214321633249, 16, 9, 0.011574074074074073, 63.37330623799994, 0.4757403600001453, 1505, 0
0.1539926526059493, 16, 11, 0.013888888888888888, 65.47566698000014, 0.40420621600014783, 1465, 0
0.1778279410038923, 8, 6, 0.016975308641975308, 73.13575488800001, 0.1877382339999798, 1443, 0
0.1778279410038924, 16, 11, 0.014660493827160493, 77.9297233079999, 0.38478990499902466, 1443, 0
0.31622776601683794, 8, 6, 0.016975308641975308, 70.54677992799999, 0.17275125300008654, 1345, 0
0.5623413251903491, 8, 6, 0.018518518518518517, 51.921189682999994, 0.19413409899985368, 1310, 0
1.0, 8, 6, 0.016975308641975308, 59.90114221099998, 0.17680037799993897, 1307, 0
1.7782794100389228, 8, 5, 0.013888888888888888, 63.25304052599995, 0.15790162400003283, 908, 0
3.162277660168379, 8, 4, 0.012345679012345678, 84.86954409399999, 0.09900812799992309, 576, 0
5.62341325190349, 8, 6, 0.013888888888888888, 97.247488884, 0.050568564000172955, 198, 0
9.999999999999998, 8, 7, 0.030864197530864196, 114.99482907400011, 0.02490263800041248, 21, 0
